3 3 3 3 3 3 3 3 3 3 3 3 3 3 3 3 3 3 3 3 3 3 3 3 3 3 3 3 3 3 3 3 3 3 3 3 3 3 3 3 3 3 3 3 3 3 3 3 3 3
3 3 3 3 3 3 3 3 3 3 3 3 3 3 3 3 3 3 3 3 3 3 3 3 3 3 3 3 3 3 3 3 3 3 3 3 3 3 3 3 3 3 3 3 3 3 3 3 3 3
3 3 3 3 3 3 3 3 3 3 3 3 3 3 3 3 3 3 3 3 3 3 3 3 3 3 3 3 3 3 3 3 3 3 3 3 3 3 3 3 3 3 3 3 3 3 3 3 3 3
3 3 3 3 3 3 3 3 3 3 3 3 3 3 3 3 3 3 3 3 3 3 3 3 3 3 3 3 3 3 3 3 3 3 3 3 3 3 3 3 3 3 3 3 3 3 3 3 3 3
3 3 3 3 3 3 3 3 3 3 3 3 3 3 3 3 3 3 3 3 3 3 3 3 3 3 3 3 3 3 3 3 3 3 3 3 3 3 3 3 3 3 3 3 3 3 3 3 3 3
3 3 3 3 3 3 3 3 3 3 3 3 3 3 3 3 3 3 3 3 3 3 3 3 3 3 3 3 3 3 3 3 3 3 3 3 3 3 3 3 3 3 3 3 3 3 3 3 3 3
3 3 3 3 3 3 3 3 3 3 3 3 3 3 3 3 3 3 3 3 3 3 3 3 3 3 3 3 3 3 3 3 3 3 3 3 3 3 3 3 3 3 3 3 3 3 3 3 3 3
3 3 3 3 3 3 3 3 3 3 3 3 3 3 3 3 3 3 3 3 3 3 3 3 3 3 3 3 3 3 3 3 3 3 3 3 3 3 3 3 3 3 3 3 3 3 3 3 3 3
3 3 3 3 3 3 3 3 3 3 3 3 3 3 3 3 3 3 3 3 3 3 3 3 3 3 3 3 3 3 3 3 3 3 3 3 3 3 3 3 3 3 3 3 3 3 3 3 3 3
3 3 3 3 3 3 3 3 3 3 3 3 3 3 3 3 3 3 3 3 3 3 3 3 3 3 3 3 3 3 3 3 3 3 3 3 3 3 3 3 3 3 3 3 3 3 3 3 3 3
3 3 3 3 3 3 3 3 3 3 3 3 3 3 3 3 3 3 3 3 3 3 3 3 3 3 3 3 3 3 3 3 3 3 3 3 3 3 3 3 3 3 3 3 3 3 3 3 3 3
3 3 3 3 3 3 3 3 3 3 3 3 3 3 3 3 3 3 3 3 3 3 3 3 3 3 3 3 3 3 3 3 3 3 3 3 3 3 3 3 3 3 3 3 3 3 3 3 3 3
3 3 3 3 3 3 3 3 3 3 3 3 3 3 3 3 3 3 3 3 3 3 3 3 3 3 3 3 3 3 3 3 3 3 3 3 3 3 3 3 3 3 3 3 3 3 3 3 3 3
3 3 3 3 3 3 3 3 3 3 3 3 3 3 3 3 3 3 3 3 3 3 3 3 3 3 3 3 3 3 3 3 3 3 3 3 3 3 3 3 3 3 3 3 3 3 3 3 3 3
3 3 3 3 3 3 3 3 3 3 3 3 3 3 3 3 3 3 3 3 3 3 3 3 3 3 3 3 3 3 3 3 3 3 3 3 3 3 3 3 3 3 3 3 3 3 3 3 3 3
3 3 3 3 3 3 3 3 3 3 3 3 3 3 3 3 3 3 3 3 3 3 3 3 3 3 3 3 3 3 3 3 3 3 3 3 3 3 3 3 3 3 3 3 3 3 3 3 3 3
3 3 3 3 3 3 3 3 3 3 3 3 3 3 3 3 3 3 3 3 3 3 3 3 3 3 3 3 3 3 3 3 3 3 3 3 3 3 3 3 3 3 3 3 3 3 3 3 3 3
3 3 3 3 3 3 3 3 3 3 3 3 3 3 3 3 3 3 3 3 3 3 3 3 3 3 3 3 3 3 3 3 3 3 3 3 3 3 3 3 3 3 3 3 3 3 3 3 3 3
3 3 3 3 3 3 3 3 3 3 3 3 3 3 3 3 3 3 3 3 3 3 3 3 3 3 3 3 3 3 3 3 3 3 3 3 3 3 3 3 3 3 3 3 3 3 3 3 3 3
3 3 3 3 3 3 3 3 3 3 3 3 3 3 3 3 3 3 3 3 3 3 3 3 3 3 3 3 3 3 3 3 3 3 3 3 3 3 3 3 3 3 3 3 3 3 3 3 3 3
1000000007 1000000007 1000000007 1000000007 1000000007 1000000007 1000000007 1000000007 1000000007 1000000007
1000000007 1000000007 1000000007 1000000007 1000000007 1000000007 1000000007 1000000007 1000000007 1000000007
1000000007 1000000007 1000000007 1000000007 1000000007 1000000007 1000000007 1000000007 1000000007 1000000007
1000000007 1000000007 1000000007 1000000007 1000000007 1000000007 1000000007 1000000007 1000000007 1000000007
1000000007 1000000007 1000000007 1000000007 1000000007 1000000007 1000000007 1000000007 1000000007 1000000007
1000000007 1000000007 1000000007 1000000007 1000000007 1000000007 1000000007 1000000007 1000000007 1000000007
1000000007 1000000007 1000000007 1000000007 1000000007 1000000007 1000000007 1000000007 1000000007 1000000007
1000000007 1000000007 1000000007 1000000007 1000000007 1000000007 1000000007 1000000007 1000000007 1000000007
1000000007 1000000007 1000000007 1000000007 1000000007 1000000007 1000000007 1000000007 1000000007 1000000007
1000000007 1000000007 1000000007 1000000007 1000000007 1000000007 1000000007 1000000007 1000000007 1000000007
1000000007 1000000007 1000000007 1000000007 1000000007 1000000007 1000000007 1000000007 1000000007 1000000007
1000000007 1000000007 1000000007 1000000007 1000000007 1000000007 1000000007 1000000007 1000000007 1000000007
1000000007 1000000007 1000000007 1000000007 1000000007 1000000007 1000000007 1000000007 1000000007 1000000007
1000000007 1000000007 1000000007 1000000007 1000000007 1000000007 1000000007 1000000007 1000000007 1000000007
1000000007 1000000007 1000000007 1000000007 1000000007 1000000007 1000000007 1000000007 1000000007 1000000007
1000000007 1000000007 1000000007 1000000007 1000000007 1000000007 1000000007 1000000007 1000000007 1000000007
1000000007 1000000007 1000000007 1000000007 1000000007 1000000007 1000000007 1000000007 1000000007 1000000007
1000000007 1000000007 1000000007 1000000007 1000000007 1000000007 1000000007 1000000007 1000000007 1000000007
1000000007 1000000007 1000000007 1000000007 1000000007 1000000007 1000000007 1000000007 1000000007 1000000007
1000000007 1000000007 1000000007 1000000007 1000000007 1000000007 1000000007 1000000007 1000000007 1000000007
1000000007 1000000007 1000000007 1000000007 1000000007 1000000007 1000000007 1000000007 1000000007 1000000007
1000000007 1000000007 1000000007 1000000007 1000000007 1000000007 1000000007 1000000007 1000000007 1000000007
1000000007 1000000007 1000000007 1000000007 1000000007 1000000007 1000000007 1000000007 1000000007 1000000007
1000000007 1000000007 1000000007 1000000007 1000000007 1000000007 1000000007 1000000007 1000000007 1000000007
1000000007 1000000007 1000000007 1000000007 1000000007 1000000007 1000000007 1000000007 1000000007 1000000007
1000000007 1000000007 1000000007 1000000007 1000000007 1000000007 1000000007 1000000007 1000000007 1000000007